43.162000 : 2.452739 8.246161
43.163000 : 2.474002 8.120173
43.348000 : 2.470971 8.042583
43.438000 : 2.454364 8.104970
43.662000 : 2.489462 8.414750
43.668000 : 2.487820 8.510589
43.683000 : 2.482345 8.401426
43.832000 : 2.508398 8.308166
43.859000 : 2.455319 8.320857
43.920000 : 2.442345 8.174540
44.049000 : 2.500918 8.252981
44.105000 : 2.496230 8.236530
44.265000 : 2.475374 8.374818
44.309000 : 2.519259 8.643217
44.450000 : 2.492851 8.315055
44.575000 : 2.496656 8.535765
44.601000 : 2.455479 8.047897
44.790000 : 2.460186 8.226521
44.929000 : 2.507088 8.519196
45.081000 : 2.458072 8.243349
45.199000 : 2.475431 8.524698
45.415000 : 2.473795 7.893938
45.490000 : 2.519772 8.215835
45.515000 : 2.493612 8.354261
45.732000 : 2.513602 8.563778
46.728000 : 2.553652 8.520846
48.276000 : 2.562267 8.558972
50.288000 : 2.576780 8.595093
52.412000 : 2.604095 8.684372
54.475000 : 2.649604 8.655908
56.771000 : 2.656650 8.364837
59.090000 : 2.684179 8.223559
61.286000 : 2.771905 8.187240
63.225000 : 2.844097 7.834504
64.413000 : 2.891524 8.000442
64.985000 : 2.942936 7.449615
64.996000 : 3.037614 7.193588
65.007000 : 3.018404 7.419133
65.14 : 2.956061 7.013500
65.32 : 2.907278 8.098152
65.42 : 2.937015 7.250218
65.75 : 2.929461 7.182253
66.13 : 2.882851 7.463246
66.30 : 2.925476 8.116432
66.61 : 2.925901 7.479006
67.17 : 2.930060 7.576438
67.37 : 2.935615 7.966630
67.57 : 2.923008 7.509923
68.19 : 2.943447 7.907618
68.21 : 2.955811 7.514724
68.60 : 2.933083 7.886361
68.74 : 3.033906 7.661728
68.97 : 2.966237 7.825771
69.04 : 3.000149 7.598081
69.34 : 3.010095 7.384411
69.43 : 2.985406 7.825664
69.57 : 3.029382 7.774889
69.75 : 3.045418 8.177130
69.83 : 3.018402 8.218266
69.98 : 3.018574 7.956228
70.10 : 3.027272 8.011580
70.20 : 3.011813 8.184533
70.43 : 3.029693 8.194253
70.44 : 3.024522 8.122996
70.55 : 3.020061 7.805603
70.65 : 3.021640 7.757817
70.72 : 3.033180 8.004920
70.73 : 3.061789 7.954272